dataset matterport
n_images 2358
depth_directory undistorted_depth_images
color_directory undistorted_color_images

intrinsics_matrix 1076.45 0 631.116  0 1077.19 509.202  0 0 1
scan 03a8325e3b054e3fad7e1e7091f9d283_d0_0.png 03a8325e3b054e3fad7e1e7091f9d283_i0_0.jpg 0.90525 0.275848 0.323155 -2.99825 0.42464 -0.612795 -0.666455 -14.4532 0.0141878 0.740533 -0.67187 1.33124 0 0 0 1
scan 03a8325e3b054e3fad7e1e7091f9d283_d0_1.png 03a8325e3b054e3fad7e1e7091f9d283_i0_1.jpg 0.820534 -0.381542 -0.425615 -2.98374 -0.571596 -0.547236 -0.6114 -14.4543 0.000362848 0.744955 -0.667115 1.33115 0 0 0 1
scan 03a8325e3b054e3fad7e1e7091f9d283_d0_2.png 03a8325e3b054e3fad7e1e7091f9d283_i0_2.jpg -0.0846661 -0.653405 -0.752259 -2.97748 -0.996408 0.0548167 0.0645317 -14.4674 -0.000928868 0.755021 -0.6557 1.33093 0 0 0 1
scan 03a8325e3b054e3fad7e1e7091f9d283_d0_3.png 03a8325e3b054e3fad7e1e7091f9d283_i0_3.jpg -0.90513 -0.267872 -0.330125 -2.98573 -0.424975 0.591297 0.685393 -14.4794 0.0116044 0.760665 -0.649041 1.3308 0 0 0 1
scan 03a8325e3b054e3fad7e1e7091f9d283_d0_4.png 03a8325e3b054e3fad7e1e7091f9d283_i0_4.jpg -0.820375 0.389515 0.418642 -3.00023 0.571259 0.525712 0.630309 -14.4783 0.0254291 0.756243 -0.653796 1.33089 0 0 0 1
scan 03a8325e3b054e3fad7e1e7091f9d283_d0_5.png 03a8325e3b054e3fad7e1e7091f9d283_i0_5.jpg 0.0848417 0.661354 0.74526 -3.00649 0.996035 -0.076351 -0.0456356 -14.4651 0.0267202 0.746177 -0.665211 1.33112 0 0 0 1

intrinsics_matrix 1076.01 0 635.509  0 1076.38 511.999  0 0 1
scan 03a8325e3b054e3fad7e1e7091f9d283_d1_0.png 03a8325e3b054e3fad7e1e7091f9d283_i1_0.jpg 0.902625 -0.00853222 0.430341 -2.99332 0.430149 -0.017951 -0.902578 -14.4636 0.0154264 0.999802 -0.0125343 1.36432 0 0 0 1
scan 03a8325e3b054e3fad7e1e7091f9d283_d1_1.png 03a8325e3b054e3fad7e1e7091f9d283_i1_1.jpg 0.82401 -0.00475809 -0.566553 -2.98983 -0.56657 -0.00416342 -0.824001 -14.4639 0.00156227 0.999979 -0.00612788 1.3643 0 0 0 1
scan 03a8325e3b054e3fad7e1e7091f9d283_d1_2.png 03a8325e3b054e3fad7e1e7091f9d283_i1_2.jpg -0.0785585 0.00907021 -0.996867 -2.98832 -0.996908 -0.000537117 0.0785572 -14.467 0.000177485 0.999958 0.009083 1.36425 0 0 0 1
scan 03a8325e3b054e3fad7e1e7091f9d283_d1_3.png 03a8325e3b054e3fad7e1e7091f9d283_i1_3.jpg -0.902493 0.0191241 -0.430278 -2.99031 -0.430517 -0.0106985 0.902519 -14.4699 0.0126569 0.999759 0.0178871 1.36422 0 0 0 1
scan 03a8325e3b054e3fad7e1e7091f9d283_d1_4.png 03a8325e3b054e3fad7e1e7091f9d283_i1_4.jpg -0.823839 0.0153494 0.566614 -2.99379 0.5662 -0.0244859 0.823903 -14.4697 0.0265208 0.999582 0.0114802 1.36424 0 0 0 1
scan 03a8325e3b054e3fad7e1e7091f9d283_d1_5.png 03a8325e3b054e3fad7e1e7091f9d283_i1_5.jpg 0.0787463 0.00152096 0.996893 -2.9953 0.996503 -0.0281116 -0.078673 -14.4665 0.027905 0.999603 -0.00373071 1.36429 0 0 0 1

intrinsics_matrix 1074.56 0 639.97  0 1074.73 508.007  0 0 1
scan 03a8325e3b054e3fad7e1e7091f9d283_d2_0.png 03a8325e3b054e3fad7e1e7091f9d283_i2_0.jpg 0.903099 -0.28773 0.318784 -2.9979 0.429336 0.589254 -0.684435 -14.4541 0.0090875 0.754978 0.655687 1.39774 0 0 0 1
scan 03a8325e3b054e3fad7e1e7091f9d283_d2_1.png 03a8325e3b054e3fad7e1e7091f9d283_i2_1.jpg 0.823448 0.377731 -0.423383 -2.98339 -0.567372 0.541901 -0.620026 -14.4553 -0.00477103 0.750774 0.660541 1.39764 0 0 0 1
scan 03a8325e3b054e3fad7e1e7091f9d283_d2_2.png 03a8325e3b054e3fad7e1e7091f9d283_i2_2.jpg -0.0796293 0.669398 -0.738624 -2.97713 -0.996806 -0.0580366 0.0548659 -14.4684 -0.00614017 0.740634 0.671881 1.39742 0 0 0 1
scan 03a8325e3b054e3fad7e1e7091f9d283_d2_3.png 03a8325e3b054e3fad7e1e7091f9d283_i2_3.jpg -0.903034 0.295597 -0.311691 -2.98537 -0.429522 -0.610609 0.665333 -14.4804 0.00634922 0.734697 0.678366 1.39729 0 0 0 1
scan 03a8325e3b054e3fad7e1e7091f9d283_d2_4.png 03a8325e3b054e3fad7e1e7091f9d283_i2_4.jpg -0.823344 -0.369862 0.430474 -2.99988 0.567183 -0.56323 0.600895 -14.4792 0.0202075 0.738901 0.673511 1.39739 0 0 0 1
scan 03a8325e3b054e3fad7e1e7091f9d283_d2_5.png 03a8325e3b054e3fad7e1e7091f9d283_i2_5.jpg 0.0797502 -0.661505 0.745688 -3.00614 0.996581 0.0367193 -0.0740088 -14.4661 0.021576 0.749041 0.662172 1.39761 0 0 0 1


intrinsics_matrix 1076.45 0 631.116  0 1077.19 509.202  0 0 1
scan 04e0d7506a0849009fabf4c10fa74a40_d0_0.png 04e0d7506a0849009fabf4c10fa74a40_i0_0.jpg 0.850173 -0.370253 -0.374322 1.32069 -0.525592 -0.555036 -0.644739 -2.4959 0.0309546 0.74488 -0.666479 0.405217 0 0 0 1
scan 04e0d7506a0849009fabf4c10fa74a40_d0_1.png 04e0d7506a0849009fabf4c10fa74a40_i0_1.jpg -0.0302047 -0.674681 -0.73749 1.32766 -0.999434 0.0312638 0.0123318 -2.50867 0.0147369 0.737446 -0.675245 0.405386 0 0 0 1
scan 04e0d7506a0849009fabf4c10fa74a40_d0_2.png 04e0d7506a0849009fabf4c10fa74a40_i0_2.jpg -0.880632 -0.319222 -0.35012 1.32009 -0.473789 0.588126 0.655463 -2.52109 -0.00332313 0.743104 -0.669167 0.405267 0 0 0 1
scan 04e0d7506a0849009fabf4c10fa74a40_d0_3.png 04e0d7506a0849009fabf4c10fa74a40_i0_3.jpg -0.850661 0.340656 0.400409 1.30555 0.525688 0.558676 0.641508 -2.52075 -0.00516484 0.756197 -0.654324 0.404979 0 0 0 1
scan 04e0d7506a0849009fabf4c10fa74a40_d0_4.png 04e0d7506a0849009fabf4c10fa74a40_i0_4.jpg 0.0297349 0.645061 0.763552 1.29858 0.999496 -0.0276354 -0.0155765 -2.50798 0.0110534 0.76363 -0.645559 0.40481 0 0 0 1
scan 04e0d7506a0849009fabf4c10fa74a40_d0_5.png 04e0d7506a0849009fabf4c10fa74a40_i0_5.jpg 0.880141 0.28958 0.376156 1.30615 0.473817 -0.584484 -0.658692 -2.49555 0.0291131 0.757972 -0.651637 0.40493 0 0 0 1

intrinsics_matrix 1076.01 0 635.509  0 1076.38 511.999  0 0 1
scan 04e0d7506a0849009fabf4c10fa74a40_d1_0.png 04e0d7506a0849009fabf4c10fa74a40_i1_0.jpg 0.853338 -0.0303201 -0.520474 1.31429 -0.520364 0.0120291 -0.853859 -2.50525 0.0321503 0.999467 -0.00551398 0.43837 0 0 0 1
scan 04e0d7506a0849009fabf4c10fa74a40_d1_1.png 04e0d7506a0849009fabf4c10fa74a40_i1_1.jpg -0.0241095 -0.0167139 -0.999569 1.31596 -0.99958 0.0164085 0.0238358 -2.50833 0.0160034 0.999725 -0.0171039 0.438411 0 0 0 1
scan 04e0d7506a0849009fabf4c10fa74a40_d1_2.png 04e0d7506a0849009fabf4c10fa74a40_i1_2.jpg -0.877724 -0.00611966 -0.479125 1.31414 -0.47916 0.00681266 0.877701 -2.51131 -0.00210672 0.999957 -0.00891331 0.438382 0 0 0 1
scan 04e0d7506a0849009fabf4c10fa74a40_d1_3.png 04e0d7506a0849009fabf4c10fa74a40_i1_3.jpg -0.853872 -0.00913176 0.520402 1.31064 0.520465 -0.00716229 0.853852 -2.51123 -0.00406951 0.999932 0.0108671 0.438313 0 0 0 1
scan 04e0d7506a0849009fabf4c10fa74a40_d1_4.png 04e0d7506a0849009fabf4c10fa74a40_i1_4.jpg 0.0235945 -0.0227381 0.999462 1.30897 0.999647 -0.0115411 -0.0238619 -2.50816 0.0120779 0.999674 0.0224564 0.438272 0 0 0 1
scan 04e0d7506a0849009fabf4c10fa74a40_d1_5.png 04e0d7506a0849009fabf4c10fa74a40_i1_5.jpg 0.877188 -0.033332 0.478985 1.31079 0.479193 -0.00194489 -0.877706 -2.50517 0.0301877 0.999442 0.0142651 0.438301 0 0 0 1

intrinsics_matrix 1074.56 0 639.97  0 1074.73 508.007  0 0 1
scan 04e0d7506a0849009fabf4c10fa74a40_d2_0.png 04e0d7506a0849009fabf4c10fa74a40_i2_0.jpg 0.852983 0.328153 -0.405875 1.31938 -0.521299 0.574101 -0.631392 -2.49574 0.0258203 0.750149 0.660765 0.471704 0 0 0 1
scan 04e0d7506a0849009fabf4c10fa74a40_d2_1.png 04e0d7506a0849009fabf4c10fa74a40_i2_1.jpg -0.025021 0.652235 -0.757603 1.32635 -0.99964 -0.00900073 0.0252658 -2.50851 0.00966025 0.757963 0.652226 0.471873 0 0 0 1
scan 04e0d7506a0849009fabf4c10fa74a40_d2_2.png 04e0d7506a0849009fabf4c10fa74a40_i2_2.jpg -0.878156 0.309371 -0.364872 1.31878 -0.4783 -0.581288 0.65828 -2.52093 -0.00844265 0.752591 0.658434 0.471754 0 0 0 1
scan 04e0d7506a0849009fabf4c10fa74a40_d2_3.png 04e0d7506a0849009fabf4c10fa74a40_i2_3.jpg -0.853268 -0.357567 0.379579 1.30424 0.52137 -0.570462 0.634623 -2.52058 -0.0103851 0.739405 0.673181 0.471466 0 0 0 1
scan 04e0d7506a0849009fabf4c10fa74a40_d2_4.png 04e0d7506a0849009fabf4c10fa74a40_i2_4.jpg 0.0247555 -0.681626 0.731282 1.29727 0.999677 0.0126528 -0.0220476 -2.50781 0.00577537 0.731591 0.681719 0.471297 0 0 0 1
scan 04e0d7506a0849009fabf4c10fa74a40_d2_5.png 04e0d7506a0849009fabf4c10fa74a40_i2_5.jpg 0.87787 -0.33874 0.338525 1.30484 0.478303 0.584927 -0.655047 -2.49539 0.023878 0.736964 0.67551 0.471416 0 0 0 1


intrinsics_matrix 1076.45 0 631.116  0 1077.19 509.202  0 0 1
scan 0927e4d3dc3e4c8590fd3f7dc512a130_d0_0.png 0927e4d3dc3e4c8590fd3f7dc512a130_i0_0.jpg -0.999585 0.0153631 -0.0243484 -7.07813 -0.00780211 0.669522 0.742751 -7.59182 0.0277129 0.742633 -0.669125 1.28775 0 0 0 1
scan 0927e4d3dc3e4c8590fd3f7dc512a130_d0_1.png 0927e4d3dc3e4c8590fd3f7dc512a130_i0_1.jpg -0.506727 0.585284 0.632984 -7.09083 0.862046 0.335384 0.37999 -7.58473 0.01011 0.738213 -0.674491 1.28786 0 0 0 1
scan 0927e4d3dc3e4c8590fd3f7dc512a130_d0_2.png 0927e4d3dc3e4c8590fd3f7dc512a130_i0_2.jpg 0.493059 0.580961 0.647592 -7.09103 0.869982 -0.32522 -0.370623 -7.57018 -0.00470781 0.746133 -0.66578 1.28769 0 0 0 1
scan 0927e4d3dc3e4c8590fd3f7dc512a130_d0_3.png 0927e4d3dc3e4c8590fd3f7dc512a130_i0_3.jpg 0.999965 0.00671733 0.00486788 -7.07854 0.00806986 -0.65167 -0.758459 -7.56273 -0.00192244 0.758472 -0.651702 1.28741 0 0 0 1
scan 0927e4d3dc3e4c8590fd3f7dc512a130_d0_4.png 0927e4d3dc3e4c8590fd3f7dc512a130_i0_4.jpg 0.507073 -0.563191 -0.65245 -7.06584 -0.861759 -0.317509 -0.395673 -7.56982 0.0156807 0.762891 -0.646337 1.28731 0 0 0 1
scan 0927e4d3dc3e4c8590fd3f7dc512a130_d0_5.png 0927e4d3dc3e4c8590fd3f7dc512a130_i0_5.jpg -0.492713 -0.558842 -0.667029 -7.06563 -0.869656 0.343094 0.354941 -7.58437 0.0304981 0.754971 -0.655049 1.28748 0 0 0 1

intrinsics_matrix 1076.01 0 635.509  0 1076.38 511.999  0 0 1
scan 0927e4d3dc3e4c8590fd3f7dc512a130_d1_0.png 0927e4d3dc3e4c8590fd3f7dc512a130_i1_0.jpg -0.999483 0.0288002 -0.0141737 -7.07779 -0.0139082 0.00940899 0.999858 -7.58038 0.0289299 0.99954 -0.00900496 1.32087 0 0 0 1
scan 0927e4d3dc3e4c8590fd3f7dc512a130_d1_1.png 0927e4d3dc3e4c8590fd3f7dc512a130_i1_1.jpg -0.511968 0.0196154 0.85878 -7.08085 0.858928 -0.00154278 0.512092 -7.57867 0.0113702 0.999806 -0.0160598 1.32089 0 0 0 1
scan 0927e4d3dc3e4c8590fd3f7dc512a130_d1_2.png 0927e4d3dc3e4c8590fd3f7dc512a130_i1_2.jpg 0.487734 0.0055375 0.872973 -7.0809 0.872984 0.000937766 -0.487746 -7.57517 -0.00351915 0.999983 -0.00437814 1.32085 0 0 0 1
scan 0927e4d3dc3e4c8590fd3f7dc512a130_d1_3.png 0927e4d3dc3e4c8590fd3f7dc512a130_i1_3.jpg 0.999897 0.000644713 0.0142136 -7.07789 0.0142032 0.01437 -0.999795 -7.57338 -0.000848444 0.999896 0.014358 1.32079 0 0 0 1
scan 0927e4d3dc3e4c8590fd3f7dc512a130_d1_4.png 0927e4d3dc3e4c8590fd3f7dc512a130_i1_4.jpg 0.512348 0.00982996 -0.858721 -7.07484 -0.858614 0.0253214 -0.511994 -7.57509 0.0167115 0.99963 0.0214122 1.32076 0 0 0 1
scan 0927e4d3dc3e4c8590fd3f7dc512a130_d1_5.png 0927e4d3dc3e4c8590fd3f7dc512a130_i1_5.jpg -0.487355 0.0239078 -0.872876 -7.07479 -0.872631 0.0228403 0.487844 -7.57859 0.0316004 0.999452 0.00972995 1.3208 0 0 0 1

intrinsics_matrix 1074.56 0 639.97  0 1074.73 508.007  0 0 1
scan 0927e4d3dc3e4c8590fd3f7dc512a130_d2_0.png 0927e4d3dc3e4c8590fd3f7dc512a130_i2_0.jpg -0.999661 0.0255342 0.0051255 -7.07715 -0.0129495 -0.658088 0.75283 -7.59103 0.0225959 0.752508 0.658195 1.35424 0 0 0 1
scan 0927e4d3dc3e4c8590fd3f7dc512a130_d2_1.png 0927e4d3dc3e4c8590fd3f7dc512a130_i2_1.jpg -0.511208 -0.559321 0.652554 -7.08985 0.859443 -0.337122 0.384327 -7.58393 0.0050277 0.757304 0.653043 1.35434 0 0 0 1
scan 0927e4d3dc3e4c8590fd3f7dc512a130_d2_2.png 0927e4d3dc3e4c8590fd3f7dc512a130_i2_2.jpg 0.488578 -0.573874 0.657236 -7.09005 0.872465 0.329832 -0.360579 -7.56939 -0.00985059 0.749586 0.661833 1.35417 0 0 0 1
scan 0927e4d3dc3e4c8590fd3f7dc512a130_d2_3.png 0927e4d3dc3e4c8590fd3f7dc512a130_i2_3.jpg 0.999889 -0.00357186 0.0144903 -7.07756 0.0130942 0.675803 -0.736966 -7.56194 -0.00716033 0.737073 0.675775 1.3539 0 0 0 1
scan 0927e4d3dc3e4c8590fd3f7dc512a130_d2_4.png 0927e4d3dc3e4c8590fd3f7dc512a130_i2_4.jpg 0.511401 0.581271 -0.632924 -7.06486 -0.859279 0.354814 -0.368438 -7.56903 0.0104082 0.732278 0.680926 1.3538 0 0 0 1
scan 0927e4d3dc3e4c8590fd3f7dc512a130_d2_5.png 0927e4d3dc3e4c8590fd3f7dc512a130_i2_5.jpg -0.488385 0.595798 -0.637577 -7.06465 -0.872262 -0.312139 0.376468 -7.58358 0.025286 0.739996 0.672136 1.35397 0 0 0 1

