[10c252c90fa24ef3b698c6f54d984c5c]
scan_id = 17DRP5sb8fy
viewpoint_id = 10c252c90fa24ef3b698c6f54d984c5c
images_name_list = ['10c252c90fa24ef3b698c6f54d984c5c_i_0.jpg', '10c252c90fa24ef3b698c6f54d984c5c_i_1.jpg', '10c252c90fa24ef3b698c6f54d984c5c_i_2.jpg', '10c252c90fa24ef3b698c6f54d984c5c_i_3.jpg', '10c252c90fa24ef3b698c6f54d984c5c_i_4.jpg', '10c252c90fa24ef3b698c6f54d984c5c_i_5.jpg', '10c252c90fa24ef3b698c6f54d984c5c_i_6.jpg', '10c252c90fa24ef3b698c6f54d984c5c_i_7.jpg', '10c252c90fa24ef3b698c6f54d984c5c_i_8.jpg', '10c252c90fa24ef3b698c6f54d984c5c_i_9.jpg', '10c252c90fa24ef3b698c6f54d984c5c_i_10.jpg', '10c252c90fa24ef3b698c6f54d984c5c_i_11.jpg', '10c252c90fa24ef3b698c6f54d984c5c_i_12.jpg', '10c252c90fa24ef3b698c6f54d984c5c_i_13.jpg', '10c252c90fa24ef3b698c6f54d984c5c_i_14.jpg', '10c252c90fa24ef3b698c6f54d984c5c_i_15.jpg', '10c252c90fa24ef3b698c6f54d984c5c_i_16.jpg', '10c252c90fa24ef3b698c6f54d984c5c_i_17.jpg', '10c252c90fa24ef3b698c6f54d984c5c_i_18.jpg', '10c252c90fa24ef3b698c6f54d984c5c_i_19.jpg', '10c252c90fa24ef3b698c6f54d984c5c_i_20.jpg', '10c252c90fa24ef3b698c6f54d984c5c_i_21.jpg', '10c252c90fa24ef3b698c6f54d984c5c_i_22.jpg', '10c252c90fa24ef3b698c6f54d984c5c_i_23.jpg', '10c252c90fa24ef3b698c6f54d984c5c_i_24.jpg', '10c252c90fa24ef3b698c6f54d984c5c_i_25.jpg', '10c252c90fa24ef3b698c6f54d984c5c_i_26.jpg', '10c252c90fa24ef3b698c6f54d984c5c_i_27.jpg', '10c252c90fa24ef3b698c6f54d984c5c_i_28.jpg', '10c252c90fa24ef3b698c6f54d984c5c_i_29.jpg', '10c252c90fa24ef3b698c6f54d984c5c_i_30.jpg', '10c252c90fa24ef3b698c6f54d984c5c_i_31.jpg', '10c252c90fa24ef3b698c6f54d984c5c_i_32.jpg', '10c252c90fa24ef3b698c6f54d984c5c_i_33.jpg', '10c252c90fa24ef3b698c6f54d984c5c_i_34.jpg', '10c252c90fa24ef3b698c6f54d984c5c_i_35.jpg']
depths_name_list = ['10c252c90fa24ef3b698c6f54d984c5c_d_0.png', '10c252c90fa24ef3b698c6f54d984c5c_d_1.png', '10c252c90fa24ef3b698c6f54d984c5c_d_2.png', '10c252c90fa24ef3b698c6f54d984c5c_d_3.png', '10c252c90fa24ef3b698c6f54d984c5c_d_4.png', '10c252c90fa24ef3b698c6f54d984c5c_d_5.png', '10c252c90fa24ef3b698c6f54d984c5c_d_6.png', '10c252c90fa24ef3b698c6f54d984c5c_d_7.png', '10c252c90fa24ef3b698c6f54d984c5c_d_8.png', '10c252c90fa24ef3b698c6f54d984c5c_d_9.png', '10c252c90fa24ef3b698c6f54d984c5c_d_10.png', '10c252c90fa24ef3b698c6f54d984c5c_d_11.png', '10c252c90fa24ef3b698c6f54d984c5c_d_12.png', '10c252c90fa24ef3b698c6f54d984c5c_d_13.png', '10c252c90fa24ef3b698c6f54d984c5c_d_14.png', '10c252c90fa24ef3b698c6f54d984c5c_d_15.png', '10c252c90fa24ef3b698c6f54d984c5c_d_16.png', '10c252c90fa24ef3b698c6f54d984c5c_d_17.png', '10c252c90fa24ef3b698c6f54d984c5c_d_18.png', '10c252c90fa24ef3b698c6f54d984c5c_d_19.png', '10c252c90fa24ef3b698c6f54d984c5c_d_20.png', '10c252c90fa24ef3b698c6f54d984c5c_d_21.png', '10c252c90fa24ef3b698c6f54d984c5c_d_22.png', '10c252c90fa24ef3b698c6f54d984c5c_d_23.png', '10c252c90fa24ef3b698c6f54d984c5c_d_24.png', '10c252c90fa24ef3b698c6f54d984c5c_d_25.png', '10c252c90fa24ef3b698c6f54d984c5c_d_26.png', '10c252c90fa24ef3b698c6f54d984c5c_d_27.png', '10c252c90fa24ef3b698c6f54d984c5c_d_28.png', '10c252c90fa24ef3b698c6f54d984c5c_d_29.png', '10c252c90fa24ef3b698c6f54d984c5c_d_30.png', '10c252c90fa24ef3b698c6f54d984c5c_d_31.png', '10c252c90fa24ef3b698c6f54d984c5c_d_32.png', '10c252c90fa24ef3b698c6f54d984c5c_d_33.png', '10c252c90fa24ef3b698c6f54d984c5c_d_34.png', '10c252c90fa24ef3b698c6f54d984c5c_d_35.png']
poses_list = [[1.0, 1.2246467991473532e-16, -2.1211504774498138e-16, -5.48891019821167, 0.0, 0.8660254037844387, 0.49999999999999994, 0.28508996963500977, 2.4492935982947064e-16, -0.49999999999999994, 0.8660254037844387, -1.4484000205993652, 0.0, 0.0, 0.0, 1.0], [0.8660254037844385, 0.2500000000000002, -0.4330127018922198, -5.48891019821167, 0.0, 0.8660254037844388, 0.49999999999999994, 0.28508996963500977, 0.5000000000000006, -0.43301270189221913, 0.7499999999999999, -1.4484000205993652, 0.0, 0.0, 0.0, 1.0], [0.5000000000000002, 0.43301270189221935, -0.7500000000000001, -5.48891019821167, 0.0, 0.8660254037844388, 0.5000000000000001, 0.28508996963500977, 0.8660254037844387, -0.2500000000000001, 0.4330127018922196, -1.4484000205993652, 0.0, 0.0, 0.0, 1.0], [-1.1102230246251565e-16, 0.5, -0.8660254037844387, -5.48891019821167, 0.0, 0.8660254037844387, 0.5, 0.28508996963500977, 1.0, 1.1102230246251565e-16, -1.1102230246251565e-16, -1.4484000205993652, 0.0, 0.0, 0.0, 1.0], [-0.49999999999999956, 0.4330127018922195, -0.7500000000000004, -5.48891019821167, 0.0, 0.8660254037844388, 0.5000000000000001, 0.28508996963500977, 0.866025403784439, 0.2499999999999998, -0.43301270189221897, -1.4484000205993652, 0.0, 0.0, 0.0, 1.0], [-0.8660254037844388, 0.25000000000000006, -0.4330127018922196, -5.48891019821167, 0.0, 0.8660254037844388, 0.5, 0.28508996963500977, 0.5000000000000002, 0.4330127018922193, -0.7500000000000002, -1.4484000205993652, 0.0, 0.0, 0.0, 1.0], [-1.0, -6.123233995736766e-17, 1.0605752387249069e-16, -5.48891019821167, 0.0, 0.8660254037844387, 0.49999999999999994, 0.28508996963500977, -1.2246467991473532e-16, 0.49999999999999994, -0.8660254037844387, -1.4484000205993652, 0.0, 0.0, 0.0, 1.0], [-0.8660254037844388, -0.24999999999999994, 0.4330127018922193, -5.48891019821167, -1.3877787807814457e-17, 0.8660254037844388, 0.5, 0.28508996963500977, -0.5, 0.4330127018922193, -0.7500000000000002, -1.4484000205993652, 0.0, 0.0, 0.0, 1.0], [-0.5, -0.4330127018922192, 0.7499999999999999, -5.48891019821167, 2.7755575615628914e-17, 0.8660254037844386, 0.5, 0.28508996963500977, -0.8660254037844385, 0.2500000000000001, -0.43301270189221946, -1.4484000205993652, 0.0, 0.0, 0.0, 1.0], [1.1102230246251565e-16, -0.5, 0.8660254037844387, -5.48891019821167, 0.0, 0.8660254037844387, 0.5, 0.28508996963500977, -1.0, -1.1102230246251565e-16, 1.1102230246251565e-16, -1.4484000205993652, 0.0, 0.0, 0.0, 1.0], [0.4999999999999996, -0.4330127018922195, 0.7500000000000004, -5.48891019821167, 0.0, 0.8660254037844388, 0.5000000000000001, 0.28508996963500977, -0.866025403784439, -0.2499999999999998, 0.43301270189221897, -1.4484000205993652, 0.0, 0.0, 0.0, 1.0], [0.8660254037844385, -0.2500000000000001, 0.43301270189221963, -5.48891019821167, 0.0, 0.8660254037844387, 0.4999999999999999, 0.28508996963500977, -0.5000000000000003, -0.4330127018922192, 0.7499999999999999, -1.4484000205993652, 0.0, 0.0, 0.0, 1.0], [1.0, 0.0, -2.4492935982947064e-16, -5.48891019821167, 0.0, 1.0, 0.0, 0.28508996963500977, 2.4492935982947064e-16, 0.0, 1.0, -1.4484000205993652, 0.0, 0.0, 0.0, 1.0], [0.8660254037844384, 0.0, -0.5000000000000004, -5.48891019821167, 0.0, 1.0, 0.0, 0.28508996963500977, 0.5000000000000004, 0.0, 0.8660254037844384, -1.4484000205993652, 0.0, 0.0, 0.0, 1.0], [0.5000000000000002, 0.0, -0.8660254037844385, -5.48891019821167, 0.0, 1.0, 0.0, 0.28508996963500977, 0.8660254037844385, 0.0, 0.5000000000000002, -1.4484000205993652, 0.0, 0.0, 0.0, 1.0], [-2.220446049250313e-16, 0.0, -1.0, -5.48891019821167, 0.0, 1.0, 0.0, 0.28508996963500977, 1.0, 0.0, -2.220446049250313e-16, -1.4484000205993652, 0.0, 0.0, 0.0, 1.0], [-0.49999999999999956, 0.0, -0.8660254037844392, -5.48891019821167, 0.0, 1.0000000000000002, 0.0, 0.28508996963500977, 0.8660254037844392, 0.0, -0.49999999999999956, -1.4484000205993652, 0.0, 0.0, 0.0, 1.0], [-0.8660254037844387, 0.0, -0.5000000000000002, -5.48891019821167, 0.0, 1.0000000000000002, 0.0, 0.28508996963500977, 0.5000000000000002, 0.0, -0.8660254037844387, -1.4484000205993652, 0.0, 0.0, 0.0, 1.0], [-1.0, 0.0, 1.2246467991473532e-16, -5.48891019821167, 0.0, 1.0, 0.0, 0.28508996963500977, -1.2246467991473532e-16, 0.0, -1.0, -1.4484000205993652, 0.0, 0.0, 0.0, 1.0], [-0.8660254037844387, 0.0, 0.49999999999999994, -5.48891019821167, 0.0, 1.0, 0.0, 0.28508996963500977, -0.49999999999999994, 0.0, -0.8660254037844387, -1.4484000205993652, 0.0, 0.0, 0.0, 1.0], [-0.5000000000000002, 0.0, 0.8660254037844385, -5.48891019821167, 0.0, 1.0, 0.0, 0.28508996963500977, -0.8660254037844385, 0.0, -0.5000000000000002, -1.4484000205993652, 0.0, 0.0, 0.0, 1.0], [2.220446049250313e-16, 0.0, 1.0, -5.48891019821167, 0.0, 1.0, 0.0, 0.28508996963500977, -1.0, 0.0, 2.220446049250313e-16, -1.4484000205993652, 0.0, 0.0, 0.0, 1.0], [0.49999999999999956, 0.0, 0.8660254037844392, -5.48891019821167, 0.0, 1.0000000000000002, 0.0, 0.28508996963500977, -0.8660254037844392, 0.0, 0.49999999999999956, -1.4484000205993652, 0.0, 0.0, 0.0, 1.0], [0.8660254037844384, 0.0, 0.5000000000000002, -5.48891019821167, 0.0, 1.0, 0.0, 0.28508996963500977, -0.5000000000000002, 0.0, 0.8660254037844384, -1.4484000205993652, 0.0, 0.0, 0.0, 1.0], [1.0, -1.2246467991473532e-16, -2.1211504774498138e-16, -5.48891019821167, 0.0, 0.8660254037844387, -0.49999999999999994, 0.28508996963500977, 2.4492935982947064e-16, 0.49999999999999994, 0.8660254037844387, -1.4484000205993652, 0.0, 0.0, 0.0, 1.0], [0.8660254037844385, -0.2500000000000002, -0.4330127018922198, -5.48891019821167, 0.0, 0.8660254037844388, -0.49999999999999994, 0.28508996963500977, 0.5000000000000006, 0.43301270189221913, 0.7499999999999999, -1.4484000205993652, 0.0, 0.0, 0.0, 1.0], [0.5000000000000002, -0.43301270189221935, -0.7500000000000001, -5.48891019821167, 0.0, 0.8660254037844388, -0.5000000000000001, 0.28508996963500977, 0.8660254037844387, 0.2500000000000001, 0.4330127018922196, -1.4484000205993652, 0.0, 0.0, 0.0, 1.0], [-1.1102230246251565e-16, -0.5, -0.8660254037844387, -5.48891019821167, 0.0, 0.8660254037844387, -0.5, 0.28508996963500977, 1.0, -1.1102230246251565e-16, -1.1102230246251565e-16, -1.4484000205993652, 0.0, 0.0, 0.0, 1.0], [-0.49999999999999956, -0.4330127018922195, -0.7500000000000004, -5.48891019821167, 0.0, 0.8660254037844388, -0.5000000000000001, 0.28508996963500977, 0.866025403784439, -0.2499999999999998, -0.43301270189221897, -1.4484000205993652, 0.0, 0.0, 0.0, 1.0], [-0.8660254037844388, -0.25000000000000006, -0.4330127018922196, -5.48891019821167, 0.0, 0.8660254037844388, -0.5, 0.28508996963500977, 0.5000000000000002, -0.4330127018922193, -0.7500000000000002, -1.4484000205993652, 0.0, 0.0, 0.0, 1.0], [-1.0, 6.123233995736766e-17, 1.0605752387249069e-16, -5.48891019821167, 0.0, 0.8660254037844387, -0.49999999999999994, 0.28508996963500977, -1.2246467991473532e-16, -0.49999999999999994, -0.8660254037844387, -1.4484000205993652, 0.0, 0.0, 0.0, 1.0], [-0.8660254037844388, 0.24999999999999994, 0.4330127018922193, -5.48891019821167, 1.3877787807814457e-17, 0.8660254037844388, -0.5, 0.28508996963500977, -0.5, -0.4330127018922193, -0.7500000000000002, -1.4484000205993652, 0.0, 0.0, 0.0, 1.0], [-0.5, 0.4330127018922192, 0.7499999999999999, -5.48891019821167, -2.7755575615628914e-17, 0.8660254037844386, -0.5, 0.28508996963500977, -0.8660254037844385, -0.2500000000000001, -0.43301270189221946, -1.4484000205993652, 0.0, 0.0, 0.0, 1.0], [1.1102230246251565e-16, 0.5, 0.8660254037844387, -5.48891019821167, 0.0, 0.8660254037844387, -0.5, 0.28508996963500977, -1.0, 1.1102230246251565e-16, 1.1102230246251565e-16, -1.4484000205993652, 0.0, 0.0, 0.0, 1.0], [0.4999999999999996, 0.4330127018922195, 0.7500000000000004, -5.48891019821167, 0.0, 0.8660254037844388, -0.5000000000000001, 0.28508996963500977, -0.866025403784439, 0.2499999999999998, 0.43301270189221897, -1.4484000205993652, 0.0, 0.0, 0.0, 1.0], [0.8660254037844385, 0.2500000000000001, 0.43301270189221963, -5.48891019821167, 0.0, 0.8660254037844387, -0.4999999999999999, 0.28508996963500977, -0.5000000000000003, 0.4330127018922192, 0.7499999999999999, -1.4484000205993652, 0.0, 0.0, 0.0, 1.0]]
camera_intrinsics = [[-0.15611995216165922, 0.0, 0.0, 0.0], [0.0, -0.15611995216165922, 0.0, 0.0], [0.0, 0.0, 1.0, 0.0], [0.0, 0.0, 0.0, 1.0]]

[0e92a69a50414253a23043758f111cec]
scan_id = 17DRP5sb8fy
viewpoint_id = 0e92a69a50414253a23043758f111cec
images_name_list = ['0e92a69a50414253a23043758f111cec_i_0.jpg', '0e92a69a50414253a23043758f111cec_i_1.jpg', '0e92a69a50414253a23043758f111cec_i_2.jpg', '0e92a69a50414253a23043758f111cec_i_3.jpg', '0e92a69a50414253a23043758f111cec_i_4.jpg', '0e92a69a50414253a23043758f111cec_i_5.jpg', '0e92a69a50414253a23043758f111cec_i_6.jpg', '0e92a69a50414253a23043758f111cec_i_7.jpg', '0e92a69a50414253a23043758f111cec_i_8.jpg', '0e92a69a50414253a23043758f111cec_i_9.jpg', '0e92a69a50414253a23043758f111cec_i_10.jpg', '0e92a69a50414253a23043758f111cec_i_11.jpg', '0e92a69a50414253a23043758f111cec_i_12.jpg', '0e92a69a50414253a23043758f111cec_i_13.jpg', '0e92a69a50414253a23043758f111cec_i_14.jpg', '0e92a69a50414253a23043758f111cec_i_15.jpg', '0e92a69a50414253a23043758f111cec_i_16.jpg', '0e92a69a50414253a23043758f111cec_i_17.jpg', '0e92a69a50414253a23043758f111cec_i_18.jpg', '0e92a69a50414253a23043758f111cec_i_19.jpg', '0e92a69a50414253a23043758f111cec_i_20.jpg', '0e92a69a50414253a23043758f111cec_i_21.jpg', '0e92a69a50414253a23043758f111cec_i_22.jpg', '0e92a69a50414253a23043758f111cec_i_23.jpg', '0e92a69a50414253a23043758f111cec_i_24.jpg', '0e92a69a50414253a23043758f111cec_i_25.jpg', '0e92a69a50414253a23043758f111cec_i_26.jpg', '0e92a69a50414253a23043758f111cec_i_27.jpg', '0e92a69a50414253a23043758f111cec_i_28.jpg', '0e92a69a50414253a23043758f111cec_i_29.jpg', '0e92a69a50414253a23043758f111cec_i_30.jpg', '0e92a69a50414253a23043758f111cec_i_31.jpg', '0e92a69a50414253a23043758f111cec_i_32.jpg', '0e92a69a50414253a23043758f111cec_i_33.jpg', '0e92a69a50414253a23043758f111cec_i_34.jpg', '0e92a69a50414253a23043758f111cec_i_35.jpg']
depths_name_list = ['0e92a69a50414253a23043758f111cec_d_0.png', '0e92a69a50414253a23043758f111cec_d_1.png', '0e92a69a50414253a23043758f111cec_d_2.png', '0e92a69a50414253a23043758f111cec_d_3.png', '0e92a69a50414253a23043758f111cec_d_4.png', '0e92a69a50414253a23043758f111cec_d_5.png', '0e92a69a50414253a23043758f111cec_d_6.png', '0e92a69a50414253a23043758f111cec_d_7.png', '0e92a69a50414253a23043758f111cec_d_8.png', '0e92a69a50414253a23043758f111cec_d_9.png', '0e92a69a50414253a23043758f111cec_d_10.png', '0e92a69a50414253a23043758f111cec_d_11.png', '0e92a69a50414253a23043758f111cec_d_12.png', '0e92a69a50414253a23043758f111cec_d_13.png', '0e92a69a50414253a23043758f111cec_d_14.png', '0e92a69a50414253a23043758f111cec_d_15.png', '0e92a69a50414253a23043758f111cec_d_16.png', '0e92a69a50414253a23043758f111cec_d_17.png', '0e92a69a50414253a23043758f111cec_d_18.png', '0e92a69a50414253a23043758f111cec_d_19.png', '0e92a69a50414253a23043758f111cec_d_20.png', '0e92a69a50414253a23043758f111cec_d_21.png', '0e92a69a50414253a23043758f111cec_d_22.png', '0e92a69a50414253a23043758f111cec_d_23.png', '0e92a69a50414253a23043758f111cec_d_24.png', '0e92a69a50414253a23043758f111cec_d_25.png', '0e92a69a50414253a23043758f111cec_d_26.png', '0e92a69a50414253a23043758f111cec_d_27.png', '0e92a69a50414253a23043758f111cec_d_28.png', '0e92a69a50414253a23043758f111cec_d_29.png', '0e92a69a50414253a23043758f111cec_d_30.png', '0e92a69a50414253a23043758f111cec_d_31.png', '0e92a69a50414253a23043758f111cec_d_32.png', '0e92a69a50414253a23043758f111cec_d_33.png', '0e92a69a50414253a23043758f111cec_d_34.png', '0e92a69a50414253a23043758f111cec_d_35.png']
poses_list = [[1.0, 1.2246467991473532e-16, -2.1211504774498138e-16, -2.209709882736206, 0.0, 0.8660254037844387, 0.49999999999999994, 0.33483004570007324, 2.4492935982947064e-16, -0.49999999999999994, 0.8660254037844387, 0.49295198917388916, 0.0, 0.0, 0.0, 1.0], [0.8660254037844385, 0.2500000000000002, -0.4330127018922198, -2.209709882736206, 0.0, 0.8660254037844388, 0.49999999999999994, 0.33483004570007324, 0.5000000000000006, -0.43301270189221913, 0.7499999999999999, 0.49295198917388916, 0.0, 0.0, 0.0, 1.0], [0.5000000000000002, 0.43301270189221935, -0.7500000000000001, -2.209709882736206, 0.0, 0.8660254037844388, 0.5000000000000001, 0.33483004570007324, 0.8660254037844387, -0.2500000000000001, 0.4330127018922196, 0.49295198917388916, 0.0, 0.0, 0.0, 1.0], [-1.1102230246251565e-16, 0.5, -0.8660254037844387, -2.209709882736206, 0.0, 0.8660254037844387, 0.5, 0.33483004570007324, 1.0, 1.1102230246251565e-16, -1.1102230246251565e-16, 0.49295198917388916, 0.0, 0.0, 0.0, 1.0], [-0.49999999999999956, 0.4330127018922195, -0.7500000000000004, -2.209709882736206, 0.0, 0.8660254037844388, 0.5000000000000001, 0.33483004570007324, 0.866025403784439, 0.2499999999999998, -0.43301270189221897, 0.49295198917388916, 0.0, 0.0, 0.0, 1.0], [-0.8660254037844388, 0.25000000000000006, -0.4330127018922196, -2.209709882736206, 0.0, 0.8660254037844388, 0.5, 0.33483004570007324, 0.5000000000000002, 0.4330127018922193, -0.7500000000000002, 0.49295198917388916, 0.0, 0.0, 0.0, 1.0], [-1.0, -6.123233995736766e-17, 1.0605752387249069e-16, -2.209709882736206, 0.0, 0.8660254037844387, 0.49999999999999994, 0.33483004570007324, -1.2246467991473532e-16, 0.49999999999999994, -0.8660254037844387, 0.49295198917388916, 0.0, 0.0, 0.0, 1.0], [-0.8660254037844388, -0.24999999999999994, 0.4330127018922193, -2.209709882736206, -1.3877787807814457e-17, 0.8660254037844388, 0.5, 0.33483004570007324, -0.5, 0.4330127018922193, -0.7500000000000002, 0.49295198917388916, 0.0, 0.0, 0.0, 1.0], [-0.5, -0.4330127018922192, 0.7499999999999999, -2.209709882736206, 2.7755575615628914e-17, 0.8660254037844386, 0.5, 0.33483004570007324, -0.8660254037844385, 0.2500000000000001, -0.43301270189221946, 0.49295198917388916, 0.0, 0.0, 0.0, 1.0], [1.1102230246251565e-16, -0.5, 0.8660254037844387, -2.209709882736206, 0.0, 0.8660254037844387, 0.5, 0.33483004570007324, -1.0, -1.1102230246251565e-16, 1.1102230246251565e-16, 0.49295198917388916, 0.0, 0.0, 0.0, 1.0], [0.4999999999999996, -0.4330127018922195, 0.7500000000000004, -2.209709882736206, 0.0, 0.8660254037844388, 0.5000000000000001, 0.33483004570007324, -0.866025403784439, -0.2499999999999998, 0.43301270189221897, 0.49295198917388916, 0.0, 0.0, 0.0, 1.0], [0.8660254037844385, -0.2500000000000001, 0.43301270189221963, -2.209709882736206, 0.0, 0.8660254037844387, 0.4999999999999999, 0.33483004570007324, -0.5000000000000003, -0.4330127018922192, 0.7499999999999999, 0.49295198917388916, 0.0, 0.0, 0.0, 1.0], [1.0, 0.0, -2.4492935982947064e-16, -2.209709882736206, 0.0, 1.0, 0.0, 0.33483004570007324, 2.4492935982947064e-16, 0.0, 1.0, 0.49295198917388916, 0.0, 0.0, 0.0, 1.0], [0.8660254037844384, 0.0, -0.5000000000000004, -2.209709882736206, 0.0, 1.0, 0.0, 0.33483004570007324, 0.5000000000000004, 0.0, 0.8660254037844384, 0.49295198917388916, 0.0, 0.0, 0.0, 1.0], [0.5000000000000002, 0.0, -0.8660254037844385, -2.209709882736206, 0.0, 1.0, 0.0, 0.33483004570007324, 0.8660254037844385, 0.0, 0.5000000000000002, 0.49295198917388916, 0.0, 0.0, 0.0, 1.0], [-2.220446049250313e-16, 0.0, -1.0, -2.209709882736206, 0.0, 1.0, 0.0, 0.33483004570007324, 1.0, 0.0, -2.220446049250313e-16, 0.49295198917388916, 0.0, 0.0, 0.0, 1.0], [-0.49999999999999956, 0.0, -0.8660254037844392, -2.209709882736206, 0.0, 1.0000000000000002, 0.0, 0.33483004570007324, 0.8660254037844392, 0.0, -0.49999999999999956, 0.49295198917388916, 0.0, 0.0, 0.0, 1.0], [-0.8660254037844387, 0.0, -0.5000000000000002, -2.209709882736206, 0.0, 1.0000000000000002, 0.0, 0.33483004570007324, 0.5000000000000002, 0.0, -0.8660254037844387, 0.49295198917388916, 0.0, 0.0, 0.0, 1.0], [-1.0, 0.0, 1.2246467991473532e-16, -2.209709882736206, 0.0, 1.0, 0.0, 0.33483004570007324, -1.2246467991473532e-16, 0.0, -1.0, 0.49295198917388916, 0.0, 0.0, 0.0, 1.0], [-0.8660254037844387, 0.0, 0.49999999999999994, -2.209709882736206, 0.0, 1.0, 0.0, 0.33483004570007324, -0.49999999999999994, 0.0, -0.8660254037844387, 0.49295198917388916, 0.0, 0.0, 0.0, 1.0], [-0.5000000000000002, 0.0, 0.8660254037844385, -2.209709882736206, 0.0, 1.0, 0.0, 0.33483004570007324, -0.8660254037844385, 0.0, -0.5000000000000002, 0.49295198917388916, 0.0, 0.0, 0.0, 1.0], [2.220446049250313e-16, 0.0, 1.0, -2.209709882736206, 0.0, 1.0, 0.0, 0.33483004570007324, -1.0, 0.0, 2.220446049250313e-16, 0.49295198917388916, 0.0, 0.0, 0.0, 1.0], [0.49999999999999956, 0.0, 0.8660254037844392, -2.209709882736206, 0.0, 1.0000000000000002, 0.0, 0.33483004570007324, -0.8660254037844392, 0.0, 0.49999999999999956, 0.49295198917388916, 0.0, 0.0, 0.0, 1.0], [0.8660254037844384, 0.0, 0.5000000000000002, -2.209709882736206, 0.0, 1.0, 0.0, 0.33483004570007324, -0.5000000000000002, 0.0, 0.8660254037844384, 0.49295198917388916, 0.0, 0.0, 0.0, 1.0], [1.0, -1.2246467991473532e-16, -2.1211504774498138e-16, -2.209709882736206, 0.0, 0.8660254037844387, -0.49999999999999994, 0.33483004570007324, 2.4492935982947064e-16, 0.49999999999999994, 0.8660254037844387, 0.49295198917388916, 0.0, 0.0, 0.0, 1.0], [0.8660254037844385, -0.2500000000000002, -0.4330127018922198, -2.209709882736206, 0.0, 0.8660254037844388, -0.49999999999999994, 0.33483004570007324, 0.5000000000000006, 0.43301270189221913, 0.7499999999999999, 0.49295198917388916, 0.0, 0.0, 0.0, 1.0], [0.5000000000000002, -0.43301270189221935, -0.7500000000000001, -2.209709882736206, 0.0, 0.8660254037844388, -0.5000000000000001, 0.33483004570007324, 0.8660254037844387, 0.2500000000000001, 0.4330127018922196, 0.49295198917388916, 0.0, 0.0, 0.0, 1.0], [-1.1102230246251565e-16, -0.5, -0.8660254037844387, -2.209709882736206, 0.0, 0.8660254037844387, -0.5, 0.33483004570007324, 1.0, -1.1102230246251565e-16, -1.1102230246251565e-16, 0.49295198917388916, 0.0, 0.0, 0.0, 1.0], [-0.49999999999999956, -0.4330127018922195, -0.7500000000000004, -2.209709882736206, 0.0, 0.8660254037844388, -0.5000000000000001, 0.33483004570007324, 0.866025403784439, -0.2499999999999998, -0.43301270189221897, 0.49295198917388916, 0.0, 0.0, 0.0, 1.0], [-0.8660254037844388, -0.25000000000000006, -0.4330127018922196, -2.209709882736206, 0.0, 0.8660254037844388, -0.5, 0.33483004570007324, 0.5000000000000002, -0.4330127018922193, -0.7500000000000002, 0.49295198917388916, 0.0, 0.0, 0.0, 1.0], [-1.0, 6.123233995736766e-17, 1.0605752387249069e-16, -2.209709882736206, 0.0, 0.8660254037844387, -0.49999999999999994, 0.33483004570007324, -1.2246467991473532e-16, -0.49999999999999994, -0.8660254037844387, 0.49295198917388916, 0.0, 0.0, 0.0, 1.0], [-0.8660254037844388, 0.24999999999999994, 0.4330127018922193, -2.209709882736206, 1.3877787807814457e-17, 0.8660254037844388, -0.5, 0.33483004570007324, -0.5, -0.4330127018922193, -0.7500000000000002, 0.49295198917388916, 0.0, 0.0, 0.0, 1.0], [-0.5, 0.4330127018922192, 0.7499999999999999, -2.209709882736206, -2.7755575615628914e-17, 0.8660254037844386, -0.5, 0.33483004570007324, -0.8660254037844385, -0.2500000000000001, -0.43301270189221946, 0.49295198917388916, 0.0, 0.0, 0.0, 1.0], [1.1102230246251565e-16, 0.5, 0.8660254037844387, -2.209709882736206, 0.0, 0.8660254037844387, -0.5, 0.33483004570007324, -1.0, 1.1102230246251565e-16, 1.1102230246251565e-16, 0.49295198917388916, 0.0, 0.0, 0.0, 1.0], [0.4999999999999996, 0.4330127018922195, 0.7500000000000004, -2.209709882736206, 0.0, 0.8660254037844388, -0.5000000000000001, 0.33483004570007324, -0.866025403784439, 0.2499999999999998, 0.43301270189221897, 0.49295198917388916, 0.0, 0.0, 0.0, 1.0], [0.8660254037844385, 0.2500000000000001, 0.43301270189221963, -2.209709882736206, 0.0, 0.8660254037844387, -0.4999999999999999, 0.33483004570007324, -0.5000000000000003, 0.4330127018922192, 0.7499999999999999, 0.49295198917388916, 0.0, 0.0, 0.0, 1.0]]
camera_intrinsics = [[-0.15611995216165922, 0.0, 0.0, 0.0], [0.0, -0.15611995216165922, 0.0, 0.0], [0.0, 0.0, 1.0, 0.0], [0.0, 0.0, 0.0, 1.0]]

[51857544c192476faebf212acb1b3d90]
scan_id = 17DRP5sb8fy
viewpoint_id = 51857544c192476faebf212acb1b3d90
images_name_list = ['51857544c192476faebf212acb1b3d90_i_0.jpg', '51857544c192476faebf212acb1b3d90_i_1.jpg', '51857544c192476faebf212acb1b3d90_i_2.jpg', '51857544c192476faebf212acb1b3d90_i_3.jpg', '51857544c192476faebf212acb1b3d90_i_4.jpg', '51857544c192476faebf212acb1b3d90_i_5.jpg', '51857544c192476faebf212acb1b3d90_i_6.jpg', '51857544c192476faebf212acb1b3d90_i_7.jpg', '51857544c192476faebf212acb1b3d90_i_8.jpg', '51857544c192476faebf212acb1b3d90_i_9.jpg', '51857544c192476faebf212acb1b3d90_i_10.jpg', '51857544c192476faebf212acb1b3d90_i_11.jpg', '51857544c192476faebf212acb1b3d90_i_12.jpg', '51857544c192476faebf212acb1b3d90_i_13.jpg', '51857544c192476faebf212acb1b3d90_i_14.jpg', '51857544c192476faebf212acb1b3d90_i_15.jpg', '51857544c192476faebf212acb1b3d90_i_16.jpg', '51857544c192476faebf212acb1b3d90_i_17.jpg', '51857544c192476faebf212acb1b3d90_i_18.jpg', '51857544c192476faebf212acb1b3d90_i_19.jpg', '51857544c192476faebf212acb1b3d90_i_20.jpg', '51857544c192476faebf212acb1b3d90_i_21.jpg', '51857544c192476faebf212acb1b3d90_i_22.jpg', '51857544c192476faebf212acb1b3d90_i_23.jpg', '51857544c192476faebf212acb1b3d90_i_24.jpg', '51857544c192476faebf212acb1b3d90_i_25.jpg', '51857544c192476faebf212acb1b3d90_i_26.jpg', '51857544c192476faebf212acb1b3d90_i_27.jpg', '51857544c192476faebf212acb1b3d90_i_28.jpg', '51857544c192476faebf212acb1b3d90_i_29.jpg', '51857544c192476faebf212acb1b3d90_i_30.jpg', '51857544c192476faebf212acb1b3d90_i_31.jpg', '51857544c192476faebf212acb1b3d90_i_32.jpg', '51857544c192476faebf212acb1b3d90_i_33.jpg', '51857544c192476faebf212acb1b3d90_i_34.jpg', '51857544c192476faebf212acb1b3d90_i_35.jpg']
depths_name_list = ['51857544c192476faebf212acb1b3d90_d_0.png', '51857544c192476faebf212acb1b3d90_d_1.png', '51857544c192476faebf212acb1b3d90_d_2.png', '51857544c192476faebf212acb1b3d90_d_3.png', '51857544c192476faebf212acb1b3d90_d_4.png', '51857544c192476faebf212acb1b3d90_d_5.png', '51857544c192476faebf212acb1b3d90_d_6.png', '51857544c192476faebf212acb1b3d90_d_7.png', '51857544c192476faebf212acb1b3d90_d_8.png', '51857544c192476faebf212acb1b3d90_d_9.png', '51857544c192476faebf212acb1b3d90_d_10.png', '51857544c192476faebf212acb1b3d90_d_11.png', '51857544c192476faebf212acb1b3d90_d_12.png', '51857544c192476faebf212acb1b3d90_d_13.png', '51857544c192476faebf212acb1b3d90_d_14.png', '51857544c192476faebf212acb1b3d90_d_15.png', '51857544c192476faebf212acb1b3d90_d_16.png', '51857544c192476faebf212acb1b3d90_d_17.png', '51857544c192476faebf212acb1b3d90_d_18.png', '51857544c192476faebf212acb1b3d90_d_19.png', '51857544c192476faebf212acb1b3d90_d_20.png', '51857544c192476faebf212acb1b3d90_d_21.png', '51857544c192476faebf212acb1b3d90_d_22.png', '51857544c192476faebf212acb1b3d90_d_23.png', '51857544c192476faebf212acb1b3d90_d_24.png', '51857544c192476faebf212acb1b3d90_d_25.png', '51857544c192476faebf212acb1b3d90_d_26.png', '51857544c192476faebf212acb1b3d90_d_27.png', '51857544c192476faebf212acb1b3d90_d_28.png', '51857544c192476faebf212acb1b3d90_d_29.png', '51857544c192476faebf212acb1b3d90_d_30.png', '51857544c192476faebf212acb1b3d90_d_31.png', '51857544c192476faebf212acb1b3d90_d_32.png', '51857544c192476faebf212acb1b3d90_d_33.png', '51857544c192476faebf212acb1b3d90_d_34.png', '51857544c192476faebf212acb1b3d90_d_35.png']
poses_list = [[1.0, 1.2246467991473532e-16, -2.1211504774498138e-16, -8.742389678955078, 0.0, 0.8660254037844387, 0.49999999999999994, 0.27258002758026123, 2.4492935982947064e-16, -0.49999999999999994, 0.8660254037844387, -1.1051599979400635, 0.0, 0.0, 0.0, 1.0], [0.8660254037844385, 0.2500000000000002, -0.4330127018922198, -8.742389678955078, 0.0, 0.8660254037844388, 0.49999999999999994, 0.27258002758026123, 0.5000000000000006, -0.43301270189221913, 0.7499999999999999, -1.1051599979400635, 0.0, 0.0, 0.0, 1.0], [0.5000000000000002, 0.43301270189221935, -0.7500000000000001, -8.742389678955078, 0.0, 0.8660254037844388, 0.5000000000000001, 0.27258002758026123, 0.8660254037844387, -0.2500000000000001, 0.4330127018922196, -1.1051599979400635, 0.0, 0.0, 0.0, 1.0], [-1.1102230246251565e-16, 0.5, -0.8660254037844387, -8.742389678955078, 0.0, 0.8660254037844387, 0.5, 0.27258002758026123, 1.0, 1.1102230246251565e-16, -1.1102230246251565e-16, -1.1051599979400635, 0.0, 0.0, 0.0, 1.0], [-0.49999999999999956, 0.4330127018922195, -0.7500000000000004, -8.742389678955078, 0.0, 0.8660254037844388, 0.5000000000000001, 0.27258002758026123, 0.866025403784439, 0.2499999999999998, -0.43301270189221897, -1.1051599979400635, 0.0, 0.0, 0.0, 1.0], [-0.8660254037844388, 0.25000000000000006, -0.4330127018922196, -8.742389678955078, 0.0, 0.8660254037844388, 0.5, 0.27258002758026123, 0.5000000000000002, 0.4330127018922193, -0.7500000000000002, -1.1051599979400635, 0.0, 0.0, 0.0, 1.0], [-1.0, -6.123233995736766e-17, 1.0605752387249069e-16, -8.742389678955078, 0.0, 0.8660254037844387, 0.49999999999999994, 0.27258002758026123, -1.2246467991473532e-16, 0.49999999999999994, -0.8660254037844387, -1.1051599979400635, 0.0, 0.0, 0.0, 1.0], [-0.8660254037844388, -0.24999999999999994, 0.4330127018922193, -8.742389678955078, -1.3877787807814457e-17, 0.8660254037844388, 0.5, 0.27258002758026123, -0.5, 0.4330127018922193, -0.7500000000000002, -1.1051599979400635, 0.0, 0.0, 0.0, 1.0], [-0.5, -0.4330127018922192, 0.7499999999999999, -8.742389678955078, 2.7755575615628914e-17, 0.8660254037844386, 0.5, 0.27258002758026123, -0.8660254037844385, 0.2500000000000001, -0.43301270189221946, -1.1051599979400635, 0.0, 0.0, 0.0, 1.0], [1.1102230246251565e-16, -0.5, 0.8660254037844387, -8.742389678955078, 0.0, 0.8660254037844387, 0.5, 0.27258002758026123, -1.0, -1.1102230246251565e-16, 1.1102230246251565e-16, -1.1051599979400635, 0.0, 0.0, 0.0, 1.0], [0.4999999999999996, -0.4330127018922195, 0.7500000000000004, -8.742389678955078, 0.0, 0.8660254037844388, 0.5000000000000001, 0.27258002758026123, -0.866025403784439, -0.2499999999999998, 0.43301270189221897, -1.1051599979400635, 0.0, 0.0, 0.0, 1.0], [0.8660254037844385, -0.2500000000000001, 0.43301270189221963, -8.742389678955078, 0.0, 0.8660254037844387, 0.4999999999999999, 0.27258002758026123, -0.5000000000000003, -0.4330127018922192, 0.7499999999999999, -1.1051599979400635, 0.0, 0.0, 0.0, 1.0], [1.0, 0.0, -2.4492935982947064e-16, -8.742389678955078, 0.0, 1.0, 0.0, 0.27258002758026123, 2.4492935982947064e-16, 0.0, 1.0, -1.1051599979400635, 0.0, 0.0, 0.0, 1.0], [0.8660254037844384, 0.0, -0.5000000000000004, -8.742389678955078, 0.0, 1.0, 0.0, 0.27258002758026123, 0.5000000000000004, 0.0, 0.8660254037844384, -1.1051599979400635, 0.0, 0.0, 0.0, 1.0], [0.5000000000000002, 0.0, -0.8660254037844385, -8.742389678955078, 0.0, 1.0, 0.0, 0.27258002758026123, 0.8660254037844385, 0.0, 0.5000000000000002, -1.1051599979400635, 0.0, 0.0, 0.0, 1.0], [-2.220446049250313e-16, 0.0, -1.0, -8.742389678955078, 0.0, 1.0, 0.0, 0.27258002758026123, 1.0, 0.0, -2.220446049250313e-16, -1.1051599979400635, 0.0, 0.0, 0.0, 1.0], [-0.49999999999999956, 0.0, -0.8660254037844392, -8.742389678955078, 0.0, 1.0000000000000002, 0.0, 0.27258002758026123, 0.8660254037844392, 0.0, -0.49999999999999956, -1.1051599979400635, 0.0, 0.0, 0.0, 1.0], [-0.8660254037844387, 0.0, -0.5000000000000002, -8.742389678955078, 0.0, 1.0000000000000002, 0.0, 0.27258002758026123, 0.5000000000000002, 0.0, -0.8660254037844387, -1.1051599979400635, 0.0, 0.0, 0.0, 1.0], [-1.0, 0.0, 1.2246467991473532e-16, -8.742389678955078, 0.0, 1.0, 0.0, 0.27258002758026123, -1.2246467991473532e-16, 0.0, -1.0, -1.1051599979400635, 0.0, 0.0, 0.0, 1.0], [-0.8660254037844387, 0.0, 0.49999999999999994, -8.742389678955078, 0.0, 1.0, 0.0, 0.27258002758026123, -0.49999999999999994, 0.0, -0.8660254037844387, -1.1051599979400635, 0.0, 0.0, 0.0, 1.0], [-0.5000000000000002, 0.0, 0.8660254037844385, -8.742389678955078, 0.0, 1.0, 0.0, 0.27258002758026123, -0.8660254037844385, 0.0, -0.5000000000000002, -1.1051599979400635, 0.0, 0.0, 0.0, 1.0], [2.220446049250313e-16, 0.0, 1.0, -8.742389678955078, 0.0, 1.0, 0.0, 0.27258002758026123, -1.0, 0.0, 2.220446049250313e-16, -1.1051599979400635, 0.0, 0.0, 0.0, 1.0], [0.49999999999999956, 0.0, 0.8660254037844392, -8.742389678955078, 0.0, 1.0000000000000002, 0.0, 0.27258002758026123, -0.8660254037844392, 0.0, 0.49999999999999956, -1.1051599979400635, 0.0, 0.0, 0.0, 1.0], [0.8660254037844384, 0.0, 0.5000000000000002, -8.742389678955078, 0.0, 1.0, 0.0, 0.27258002758026123, -0.5000000000000002, 0.0, 0.8660254037844384, -1.1051599979400635, 0.0, 0.0, 0.0, 1.0], [1.0, -1.2246467991473532e-16, -2.1211504774498138e-16, -8.742389678955078, 0.0, 0.8660254037844387, -0.49999999999999994, 0.27258002758026123, 2.4492935982947064e-16, 0.49999999999999994, 0.8660254037844387, -1.1051599979400635, 0.0, 0.0, 0.0, 1.0], [0.8660254037844385, -0.2500000000000002, -0.4330127018922198, -8.742389678955078, 0.0, 0.8660254037844388, -0.49999999999999994, 0.27258002758026123, 0.5000000000000006, 0.43301270189221913, 0.7499999999999999, -1.1051599979400635, 0.0, 0.0, 0.0, 1.0], [0.5000000000000002, -0.43301270189221935, -0.7500000000000001, -8.742389678955078, 0.0, 0.8660254037844388, -0.5000000000000001, 0.27258002758026123, 0.8660254037844387, 0.2500000000000001, 0.4330127018922196, -1.1051599979400635, 0.0, 0.0, 0.0, 1.0], [-1.1102230246251565e-16, -0.5, -0.8660254037844387, -8.742389678955078, 0.0, 0.8660254037844387, -0.5, 0.27258002758026123, 1.0, -1.1102230246251565e-16, -1.1102230246251565e-16, -1.1051599979400635, 0.0, 0.0, 0.0, 1.0], [-0.49999999999999956, -0.4330127018922195, -0.7500000000000004, -8.742389678955078, 0.0, 0.8660254037844388, -0.5000000000000001, 0.27258002758026123, 0.866025403784439, -0.2499999999999998, -0.43301270189221897, -1.1051599979400635, 0.0, 0.0, 0.0, 1.0], [-0.8660254037844388, -0.25000000000000006, -0.4330127018922196, -8.742389678955078, 0.0, 0.8660254037844388, -0.5, 0.27258002758026123, 0.5000000000000002, -0.4330127018922193, -0.7500000000000002, -1.1051599979400635, 0.0, 0.0, 0.0, 1.0], [-1.0, 6.123233995736766e-17, 1.0605752387249069e-16, -8.742389678955078, 0.0, 0.8660254037844387, -0.49999999999999994, 0.27258002758026123, -1.2246467991473532e-16, -0.49999999999999994, -0.8660254037844387, -1.1051599979400635, 0.0, 0.0, 0.0, 1.0], [-0.8660254037844388, 0.24999999999999994, 0.4330127018922193, -8.742389678955078, 1.3877787807814457e-17, 0.8660254037844388, -0.5, 0.27258002758026123, -0.5, -0.4330127018922193, -0.7500000000000002, -1.1051599979400635, 0.0, 0.0, 0.0, 1.0], [-0.5, 0.4330127018922192, 0.7499999999999999, -8.742389678955078, -2.7755575615628914e-17, 0.8660254037844386, -0.5, 0.27258002758026123, -0.8660254037844385, -0.2500000000000001, -0.43301270189221946, -1.1051599979400635, 0.0, 0.0, 0.0, 1.0], [1.1102230246251565e-16, 0.5, 0.8660254037844387, -8.742389678955078, 0.0, 0.8660254037844387, -0.5, 0.27258002758026123, -1.0, 1.1102230246251565e-16, 1.1102230246251565e-16, -1.1051599979400635, 0.0, 0.0, 0.0, 1.0], [0.4999999999999996, 0.4330127018922195, 0.7500000000000004, -8.742389678955078, 0.0, 0.8660254037844388, -0.5000000000000001, 0.27258002758026123, -0.866025403784439, 0.2499999999999998, 0.43301270189221897, -1.1051599979400635, 0.0, 0.0, 0.0, 1.0], [0.8660254037844385, 0.2500000000000001, 0.43301270189221963, -8.742389678955078, 0.0, 0.8660254037844387, -0.4999999999999999, 0.27258002758026123, -0.5000000000000003, 0.4330127018922192, 0.7499999999999999, -1.1051599979400635, 0.0, 0.0, 0.0, 1.0]]
camera_intrinsics = [[-0.15611995216165922, 0.0, 0.0, 0.0], [0.0, -0.15611995216165922, 0.0, 0.0], [0.0, 0.0, 1.0, 0.0], [0.0, 0.0, 0.0, 1.0]]

[558ba0761bf24428b9cf91e60333ea25]
scan_id = 17DRP5sb8fy
viewpoint_id = 558ba0761bf24428b9cf91e60333ea25
images_name_list = ['558ba0761bf24428b9cf91e60333ea25_i_0.jpg', '558ba0761bf24428b9cf91e60333ea25_i_1.jpg', '558ba0761bf24428b9cf91e60333ea25_i_2.jpg', '558ba0761bf24428b9cf91e60333ea25_i_3.jpg', '558ba0761bf24428b9cf91e60333ea25_i_4.jpg', '558ba0761bf24428b9cf91e60333ea25_i_5.jpg', '558ba0761bf24428b9cf91e60333ea25_i_6.jpg', '558ba0761bf24428b9cf91e60333ea25_i_7.jpg', '558ba0761bf24428b9cf91e60333ea25_i_8.jpg', '558ba0761bf24428b9cf91e60333ea25_i_9.jpg', '558ba0761bf24428b9cf91e60333ea25_i_10.jpg', '558ba0761bf24428b9cf91e60333ea25_i_11.jpg', '558ba0761bf24428b9cf91e60333ea25_i_12.jpg', '558ba0761bf24428b9cf91e60333ea25_i_13.jpg', '558ba0761bf24428b9cf91e60333ea25_i_14.jpg', '558ba0761bf24428b9cf91e60333ea25_i_15.jpg', '558ba0761bf24428b9cf91e60333ea25_i_16.jpg', '558ba0761bf24428b9cf91e60333ea25_i_17.jpg', '558ba0761bf24428b9cf91e60333ea25_i_18.jpg', '558ba0761bf24428b9cf91e60333ea25_i_19.jpg', '558ba0761bf24428b9cf91e60333ea25_i_20.jpg', '558ba0761bf24428b9cf91e60333ea25_i_21.jpg', '558ba0761bf24428b9cf91e60333ea25_i_22.jpg', '558ba0761bf24428b9cf91e60333ea25_i_23.jpg', '558ba0761bf24428b9cf91e60333ea25_i_24.jpg', '558ba0761bf24428b9cf91e60333ea25_i_25.jpg', '558ba0761bf24428b9cf91e60333ea25_i_26.jpg', '558ba0761bf24428b9cf91e60333ea25_i_27.jpg', '558ba0761bf24428b9cf91e60333ea25_i_28.jpg', '558ba0761bf24428b9cf91e60333ea25_i_29.jpg', '558ba0761bf24428b9cf91e60333ea25_i_30.jpg', '558ba0761bf24428b9cf91e60333ea25_i_31.jpg', '558ba0761bf24428b9cf91e60333ea25_i_32.jpg', '558ba0761bf24428b9cf91e60333ea25_i_33.jpg', '558ba0761bf24428b9cf91e60333ea25_i_34.jpg', '558ba0761bf24428b9cf91e60333ea25_i_35.jpg']
depths_name_list = ['558ba0761bf24428b9cf91e60333ea25_d_0.png', '558ba0761bf24428b9cf91e60333ea25_d_1.png', '558ba0761bf24428b9cf91e60333ea25_d_2.png', '558ba0761bf24428b9cf91e60333ea25_d_3.png', '558ba0761bf24428b9cf91e60333ea25_d_4.png', '558ba0761bf24428b9cf91e60333ea25_d_5.png', '558ba0761bf24428b9cf91e60333ea25_d_6.png', '558ba0761bf24428b9cf91e60333ea25_d_7.png', '558ba0761bf24428b9cf91e60333ea25_d_8.png', '558ba0761bf24428b9cf91e60333ea25_d_9.png', '558ba0761bf24428b9cf91e60333ea25_d_10.png', '558ba0761bf24428b9cf91e60333ea25_d_11.png', '558ba0761bf24428b9cf91e60333ea25_d_12.png', '558ba0761bf24428b9cf91e60333ea25_d_13.png', '558ba0761bf24428b9cf91e60333ea25_d_14.png', '558ba0761bf24428b9cf91e60333ea25_d_15.png', '558ba0761bf24428b9cf91e60333ea25_d_16.png', '558ba0761bf24428b9cf91e60333ea25_d_17.png', '558ba0761bf24428b9cf91e60333ea25_d_18.png', '558ba0761bf24428b9cf91e60333ea25_d_19.png', '558ba0761bf24428b9cf91e60333ea25_d_20.png', '558ba0761bf24428b9cf91e60333ea25_d_21.png', '558ba0761bf24428b9cf91e60333ea25_d_22.png', '558ba0761bf24428b9cf91e60333ea25_d_23.png', '558ba0761bf24428b9cf91e60333ea25_d_24.png', '558ba0761bf24428b9cf91e60333ea25_d_25.png', '558ba0761bf24428b9cf91e60333ea25_d_26.png', '558ba0761bf24428b9cf91e60333ea25_d_27.png', '558ba0761bf24428b9cf91e60333ea25_d_28.png', '558ba0761bf24428b9cf91e60333ea25_d_29.png', '558ba0761bf24428b9cf91e60333ea25_d_30.png', '558ba0761bf24428b9cf91e60333ea25_d_31.png', '558ba0761bf24428b9cf91e60333ea25_d_32.png', '558ba0761bf24428b9cf91e60333ea25_d_33.png', '558ba0761bf24428b9cf91e60333ea25_d_34.png', '558ba0761bf24428b9cf91e60333ea25_d_35.png']
