[17DRP5sb8fy]
scan_id = 17DRP5sb8fy
viewpoint_id = 0e92a69a50414253a23043758f111cec
images_name_list = ['0e92a69a50414253a23043758f111cec_i_0.jpg', '0e92a69a50414253a23043758f111cec_i_1.jpg', '0e92a69a50414253a23043758f111cec_i_2.jpg', '0e92a69a50414253a23043758f111cec_i_3.jpg', '0e92a69a50414253a23043758f111cec_i_4.jpg', '0e92a69a50414253a23043758f111cec_i_5.jpg', '0e92a69a50414253a23043758f111cec_i_6.jpg', '0e92a69a50414253a23043758f111cec_i_7.jpg', '0e92a69a50414253a23043758f111cec_i_8.jpg', '0e92a69a50414253a23043758f111cec_i_9.jpg', '0e92a69a50414253a23043758f111cec_i_10.jpg', '0e92a69a50414253a23043758f111cec_i_11.jpg', '0e92a69a50414253a23043758f111cec_i_12.jpg', '0e92a69a50414253a23043758f111cec_i_13.jpg', '0e92a69a50414253a23043758f111cec_i_14.jpg', '0e92a69a50414253a23043758f111cec_i_15.jpg', '0e92a69a50414253a23043758f111cec_i_16.jpg', '0e92a69a50414253a23043758f111cec_i_17.jpg', '0e92a69a50414253a23043758f111cec_i_18.jpg', '0e92a69a50414253a23043758f111cec_i_19.jpg', '0e92a69a50414253a23043758f111cec_i_20.jpg', '0e92a69a50414253a23043758f111cec_i_21.jpg', '0e92a69a50414253a23043758f111cec_i_22.jpg', '0e92a69a50414253a23043758f111cec_i_23.jpg', '0e92a69a50414253a23043758f111cec_i_24.jpg', '0e92a69a50414253a23043758f111cec_i_25.jpg', '0e92a69a50414253a23043758f111cec_i_26.jpg', '0e92a69a50414253a23043758f111cec_i_27.jpg', '0e92a69a50414253a23043758f111cec_i_28.jpg', '0e92a69a50414253a23043758f111cec_i_29.jpg', '0e92a69a50414253a23043758f111cec_i_30.jpg', '0e92a69a50414253a23043758f111cec_i_31.jpg', '0e92a69a50414253a23043758f111cec_i_32.jpg', '0e92a69a50414253a23043758f111cec_i_33.jpg', '0e92a69a50414253a23043758f111cec_i_34.jpg', '0e92a69a50414253a23043758f111cec_i_35.jpg']
depths_name_list = ['0e92a69a50414253a23043758f111cec_d_0.png', '0e92a69a50414253a23043758f111cec_d_1.png', '0e92a69a50414253a23043758f111cec_d_2.png', '0e92a69a50414253a23043758f111cec_d_3.png', '0e92a69a50414253a23043758f111cec_d_4.png', '0e92a69a50414253a23043758f111cec_d_5.png', '0e92a69a50414253a23043758f111cec_d_6.png', '0e92a69a50414253a23043758f111cec_d_7.png', '0e92a69a50414253a23043758f111cec_d_8.png', '0e92a69a50414253a23043758f111cec_d_9.png', '0e92a69a50414253a23043758f111cec_d_10.png', '0e92a69a50414253a23043758f111cec_d_11.png', '0e92a69a50414253a23043758f111cec_d_12.png', '0e92a69a50414253a23043758f111cec_d_13.png', '0e92a69a50414253a23043758f111cec_d_14.png', '0e92a69a50414253a23043758f111cec_d_15.png', '0e92a69a50414253a23043758f111cec_d_16.png', '0e92a69a50414253a23043758f111cec_d_17.png', '0e92a69a50414253a23043758f111cec_d_18.png', '0e92a69a50414253a23043758f111cec_d_19.png', '0e92a69a50414253a23043758f111cec_d_20.png', '0e92a69a50414253a23043758f111cec_d_21.png', '0e92a69a50414253a23043758f111cec_d_22.png', '0e92a69a50414253a23043758f111cec_d_23.png', '0e92a69a50414253a23043758f111cec_d_24.png', '0e92a69a50414253a23043758f111cec_d_25.png', '0e92a69a50414253a23043758f111cec_d_26.png', '0e92a69a50414253a23043758f111cec_d_27.png', '0e92a69a50414253a23043758f111cec_d_28.png', '0e92a69a50414253a23043758f111cec_d_29.png', '0e92a69a50414253a23043758f111cec_d_30.png', '0e92a69a50414253a23043758f111cec_d_31.png', '0e92a69a50414253a23043758f111cec_d_32.png', '0e92a69a50414253a23043758f111cec_d_33.png', '0e92a69a50414253a23043758f111cec_d_34.png', '0e92a69a50414253a23043758f111cec_d_35.png']
poses_list = [[1.0, 1.2246467991473532e-16, -2.1211504774498138e-16, -2.209709882736206, 0.0, 0.8660254037844387, 0.49999999999999994, 0.33483004570007324, 2.4492935982947064e-16, -0.49999999999999994, 0.8660254037844387, 0.49295198917388916, 0.0, 0.0, 0.0, 1.0], [0.8660254037844385, 0.2500000000000002, -0.4330127018922198, -2.209709882736206, 0.0, 0.8660254037844388, 0.49999999999999994, 0.33483004570007324, 0.5000000000000006, -0.43301270189221913, 0.7499999999999999, 0.49295198917388916, 0.0, 0.0, 0.0, 1.0], [0.5000000000000002, 0.43301270189221935, -0.7500000000000001, -2.209709882736206, 0.0, 0.8660254037844388, 0.5000000000000001, 0.33483004570007324, 0.8660254037844387, -0.2500000000000001, 0.4330127018922196, 0.49295198917388916, 0.0, 0.0, 0.0, 1.0], [-1.1102230246251565e-16, 0.5, -0.8660254037844387, -2.209709882736206, 0.0, 0.8660254037844387, 0.5, 0.33483004570007324, 1.0, 1.1102230246251565e-16, -1.1102230246251565e-16, 0.49295198917388916, 0.0, 0.0, 0.0, 1.0], [-0.49999999999999956, 0.4330127018922195, -0.7500000000000004, -2.209709882736206, 0.0, 0.8660254037844388, 0.5000000000000001, 0.33483004570007324, 0.866025403784439, 0.2499999999999998, -0.43301270189221897, 0.49295198917388916, 0.0, 0.0, 0.0, 1.0], [-0.8660254037844388, 0.25000000000000006, -0.4330127018922196, -2.209709882736206, 0.0, 0.8660254037844388, 0.5, 0.33483004570007324, 0.5000000000000002, 0.4330127018922193, -0.7500000000000002, 0.49295198917388916, 0.0, 0.0, 0.0, 1.0], [-1.0, -6.123233995736766e-17, 1.0605752387249069e-16, -2.209709882736206, 0.0, 0.8660254037844387, 0.49999999999999994, 0.33483004570007324, -1.2246467991473532e-16, 0.49999999999999994, -0.8660254037844387, 0.49295198917388916, 0.0, 0.0, 0.0, 1.0], [-0.8660254037844388, -0.24999999999999994, 0.4330127018922193, -2.209709882736206, -1.3877787807814457e-17, 0.8660254037844388, 0.5, 0.33483004570007324, -0.5, 0.4330127018922193, -0.7500000000000002, 0.49295198917388916, 0.0, 0.0, 0.0, 1.0], [-0.5, -0.4330127018922192, 0.7499999999999999, -2.209709882736206, 2.7755575615628914e-17, 0.8660254037844386, 0.5, 0.33483004570007324, -0.8660254037844385, 0.2500000000000001, -0.43301270189221946, 0.49295198917388916, 0.0, 0.0, 0.0, 1.0], [1.1102230246251565e-16, -0.5, 0.8660254037844387, -2.209709882736206, 0.0, 0.8660254037844387, 0.5, 0.33483004570007324, -1.0, -1.1102230246251565e-16, 1.1102230246251565e-16, 0.49295198917388916, 0.0, 0.0, 0.0, 1.0], [0.4999999999999996, -0.4330127018922195, 0.7500000000000004, -2.209709882736206, 0.0, 0.8660254037844388, 0.5000000000000001, 0.33483004570007324, -0.866025403784439, -0.2499999999999998, 0.43301270189221897, 0.49295198917388916, 0.0, 0.0, 0.0, 1.0], [0.8660254037844385, -0.2500000000000001, 0.43301270189221963, -2.209709882736206, 0.0, 0.8660254037844387, 0.4999999999999999, 0.33483004570007324, -0.5000000000000003, -0.4330127018922192, 0.7499999999999999, 0.49295198917388916, 0.0, 0.0, 0.0, 1.0], [1.0, 0.0, -2.4492935982947064e-16, -2.209709882736206, 0.0, 1.0, 0.0, 0.33483004570007324, 2.4492935982947064e-16, 0.0, 1.0, 0.49295198917388916, 0.0, 0.0, 0.0, 1.0], [0.8660254037844384, 0.0, -0.5000000000000004, -2.209709882736206, 0.0, 1.0, 0.0, 0.33483004570007324, 0.5000000000000004, 0.0, 0.8660254037844384, 0.49295198917388916, 0.0, 0.0, 0.0, 1.0], [0.5000000000000002, 0.0, -0.8660254037844385, -2.209709882736206, 0.0, 1.0, 0.0, 0.33483004570007324, 0.8660254037844385, 0.0, 0.5000000000000002, 0.49295198917388916, 0.0, 0.0, 0.0, 1.0], [-2.220446049250313e-16, 0.0, -1.0, -2.209709882736206, 0.0, 1.0, 0.0, 0.33483004570007324, 1.0, 0.0, -2.220446049250313e-16, 0.49295198917388916, 0.0, 0.0, 0.0, 1.0], [-0.49999999999999956, 0.0, -0.8660254037844392, -2.209709882736206, 0.0, 1.0000000000000002, 0.0, 0.33483004570007324, 0.8660254037844392, 0.0, -0.49999999999999956, 0.49295198917388916, 0.0, 0.0, 0.0, 1.0], [-0.8660254037844387, 0.0, -0.5000000000000002, -2.209709882736206, 0.0, 1.0000000000000002, 0.0, 0.33483004570007324, 0.5000000000000002, 0.0, -0.8660254037844387, 0.49295198917388916, 0.0, 0.0, 0.0, 1.0], [-1.0, 0.0, 1.2246467991473532e-16, -2.209709882736206, 0.0, 1.0, 0.0, 0.33483004570007324, -1.2246467991473532e-16, 0.0, -1.0, 0.49295198917388916, 0.0, 0.0, 0.0, 1.0], [-0.8660254037844387, 0.0, 0.49999999999999994, -2.209709882736206, 0.0, 1.0, 0.0, 0.33483004570007324, -0.49999999999999994, 0.0, -0.8660254037844387, 0.49295198917388916, 0.0, 0.0, 0.0, 1.0], [-0.5000000000000002, 0.0, 0.8660254037844385, -2.209709882736206, 0.0, 1.0, 0.0, 0.33483004570007324, -0.8660254037844385, 0.0, -0.5000000000000002, 0.49295198917388916, 0.0, 0.0, 0.0, 1.0], [2.220446049250313e-16, 0.0, 1.0, -2.209709882736206, 0.0, 1.0, 0.0, 0.33483004570007324, -1.0, 0.0, 2.220446049250313e-16, 0.49295198917388916, 0.0, 0.0, 0.0, 1.0], [0.49999999999999956, 0.0, 0.8660254037844392, -2.209709882736206, 0.0, 1.0000000000000002, 0.0, 0.33483004570007324, -0.8660254037844392, 0.0, 0.49999999999999956, 0.49295198917388916, 0.0, 0.0, 0.0, 1.0], [0.8660254037844384, 0.0, 0.5000000000000002, -2.209709882736206, 0.0, 1.0, 0.0, 0.33483004570007324, -0.5000000000000002, 0.0, 0.8660254037844384, 0.49295198917388916, 0.0, 0.0, 0.0, 1.0], [1.0, -1.2246467991473532e-16, -2.1211504774498138e-16, -2.209709882736206, 0.0, 0.8660254037844387, -0.49999999999999994, 0.33483004570007324, 2.4492935982947064e-16, 0.49999999999999994, 0.8660254037844387, 0.49295198917388916, 0.0, 0.0, 0.0, 1.0], [0.8660254037844385, -0.2500000000000002, -0.4330127018922198, -2.209709882736206, 0.0, 0.8660254037844388, -0.49999999999999994, 0.33483004570007324, 0.5000000000000006, 0.43301270189221913, 0.7499999999999999, 0.49295198917388916, 0.0, 0.0, 0.0, 1.0], [0.5000000000000002, -0.43301270189221935, -0.7500000000000001, -2.209709882736206, 0.0, 0.8660254037844388, -0.5000000000000001, 0.33483004570007324, 0.8660254037844387, 0.2500000000000001, 0.4330127018922196, 0.49295198917388916, 0.0, 0.0, 0.0, 1.0], [-1.1102230246251565e-16, -0.5, -0.8660254037844387, -2.209709882736206, 0.0, 0.8660254037844387, -0.5, 0.33483004570007324, 1.0, -1.1102230246251565e-16, -1.1102230246251565e-16, 0.49295198917388916, 0.0, 0.0, 0.0, 1.0], [-0.49999999999999956, -0.4330127018922195, -0.7500000000000004, -2.209709882736206, 0.0, 0.8660254037844388, -0.5000000000000001, 0.33483004570007324, 0.866025403784439, -0.2499999999999998, -0.43301270189221897, 0.49295198917388916, 0.0, 0.0, 0.0, 1.0], [-0.8660254037844388, -0.25000000000000006, -0.4330127018922196, -2.209709882736206, 0.0, 0.8660254037844388, -0.5, 0.33483004570007324, 0.5000000000000002, -0.4330127018922193, -0.7500000000000002, 0.49295198917388916, 0.0, 0.0, 0.0, 1.0], [-1.0, 6.123233995736766e-17, 1.0605752387249069e-16, -2.209709882736206, 0.0, 0.8660254037844387, -0.49999999999999994, 0.33483004570007324, -1.2246467991473532e-16, -0.49999999999999994, -0.8660254037844387, 0.49295198917388916, 0.0, 0.0, 0.0, 1.0], [-0.8660254037844388, 0.24999999999999994, 0.4330127018922193, -2.209709882736206, 1.3877787807814457e-17, 0.8660254037844388, -0.5, 0.33483004570007324, -0.5, -0.4330127018922193, -0.7500000000000002, 0.49295198917388916, 0.0, 0.0, 0.0, 1.0], [-0.5, 0.4330127018922192, 0.7499999999999999, -2.209709882736206, -2.7755575615628914e-17, 0.8660254037844386, -0.5, 0.33483004570007324, -0.8660254037844385, -0.2500000000000001, -0.43301270189221946, 0.49295198917388916, 0.0, 0.0, 0.0, 1.0], [1.1102230246251565e-16, 0.5, 0.8660254037844387, -2.209709882736206, 0.0, 0.8660254037844387, -0.5, 0.33483004570007324, -1.0, 1.1102230246251565e-16, 1.1102230246251565e-16, 0.49295198917388916, 0.0, 0.0, 0.0, 1.0], [0.4999999999999996, 0.4330127018922195, 0.7500000000000004, -2.209709882736206, 0.0, 0.8660254037844388, -0.5000000000000001, 0.33483004570007324, -0.866025403784439, 0.2499999999999998, 0.43301270189221897, 0.49295198917388916, 0.0, 0.0, 0.0, 1.0], [0.8660254037844385, 0.2500000000000001, 0.43301270189221963, -2.209709882736206, 0.0, 0.8660254037844387, -0.4999999999999999, 0.33483004570007324, -0.5000000000000003, 0.4330127018922192, 0.7499999999999999, 0.49295198917388916, 0.0, 0.0, 0.0, 1.0]]
camera_intrinsics = [[-0.15611995216165922, 0.0, 0.0, 0.0], [0.0, -0.15611995216165922, 0.0, 0.0], [0.0, 0.0, 1.0, 0.0], [0.0, 0.0, 0.0, 1.0]]

